103	56	10
0.15826280415058136	0.7129396796226501	-0.5257743000984192	0.625	0.5	1.0	4	0.0	0	0.0	0	1.0	0.0	0.0	0.0	1.0	-8.336280643561622e-08	0.0	8.336280643561622e-08	1.0
0.15826280415058136	1.921105146408081	0.5257740616798401	0.625	0.75	1.0	0	0.0	0	0.0	0	1.0	0.0	0.0	0.0	0.0	0.0	0.0	0.0	0.0
0.15826280415058136	0.7129396796226501	0.5257741808891296	0.625	0.75	1.0	2	0.0	0	0.0	0	1.0	0.0	0.0	0.0	1.0	-8.096606762819647e-08	0.0	8.096606762819647e-08	1.0
-0.15826280415058136	-0.036841120570898056	0.5257742404937744	0.375	0.0	1.0	2	0.0	0	0.0	0	-1.0	0.0	0.0	0.0	0.0	0.0	0.0	0.0	0.0
-0.15826280415058136	0.20958013832569122	1.5540982484817505	0.625	0.0	1.0	3	0.0	0	0.0	0	-1.0	0.0	0.0	0.0	0.0	0.0	0.0	0.0	0.0
-0.15826280415058136	0.7129396796226501	0.5257741808891296	0.625	0.0	1.0	2	0.0	0	0.0	0	-1.0	0.0	0.0	0.0	0.0	0.0	0.0	0.0	0.0
-0.15826280415058136	0.7129396796226501	0.5257741808891296	0.625	0.0	1.0	2	0.0	0	0.0	0	-1.0	0.0	0.0	0.0	1.0	-4.9274813562760755e-08	0.0	-4.9274813562760755e-08	-1.0
-0.15826280415058136	0.7129396796226501	-0.5257743000984192	0.625	0.25	0	0	0	0	0	0	-1.0	0.0	0.0	0.0	1.0	0.0	0.0	0.0	-1.0
-0.15826280415058136	-0.002063287189230323	-0.5257742404937744	0.375	0.25	1.0	4	0.0	0	0.0	0	-1.0	0.0	0.0	0.0	1.0	-3.123722080999869e-08	0.0	-3.123722080999869e-08	-1.0
-0.15826280415058136	-0.036841120570898056	0.5257742404937744	0.125	0.75	1.0	2	0.0	0	0.0	0	0.0	0.14510522782802582	0.989416241645813	1.0	0.0	0.0	0.0	0.989416241645813	-0.14510522782802582
0.15826280415058136	-2.0701141357421875	0.823968768119812	0.375	0.75	1.0	7	0.0	0	0.0	0	0.0	0.14510522782802582	0.989416241645813	1.0	0.0	0.0	0.0	0.989416241645813	-0.14510522782802582
0.15826280415058136	-0.036841120570898056	0.5257742404937744	0.375	0.75	1.0	2	0.0	0	0.0	0	0.0	0.14510522782802582	0.989416241645813	1.0	0.0	0.0	0.0	0.989416241645813	-0.14510522782802582
0.15826280415058136	-0.036841120570898056	0.5257742404937744	0.375	0.75	1.0	2	0.0	0	0.0	0	1.0	0.0	0.0	0.0	1.0	-7.949609681645597e-08	0.0	7.949609681645597e-08	1.0
0.15826280415058136	-0.002063287189230323	-0.5257742404937744	0.375	0.5	1.0	4	0.0	0	0.0	0	1.0	0.0	0.0	0.0	1.0	-8.184341737660361e-08	0.0	8.184341737660361e-08	1.0
-0.15826280415058136	-0.002063287189230323	-0.5257742404937744	0.375	0.25	1.0	4	0.0	0	0.0	0	-1.0	0.0	0.0	0.0	0.0	0.0	0.0	0.0	0.0
-0.15826280415058136	0.3128121793270111	-1.4605530500411987	0.625	0.25	1.0	5	0.0	0	0.0	0	-1.0	0.0	0.0	0.0	0.0	0.0	0.0	0.0	0.0
-0.15826280415058136	-0.2538372874259949	-1.4605530500411987	0.375	0.25	1.0	5	0.0	0	0.0	0	-1.0	0.0	0.0	0.0	0.0	0.0	0.0	0.0	0.0
-0.15826280415058136	1.921104907989502	-0.5257744193077087	0.875	0.5	1.0	0	0.0	0	0.0	0	0.0	1.0	-2.267309469061729e-07	-1.0	0.0	0.0	0.0	2.267309469061729e-07	1.0
0.15826280415058136	1.921105146408081	0.5257740616798401	0.625	0.75	1.0	0	0.0	0	0.0	0	0.0	1.0	-2.267309469061729e-07	-1.0	0.0	0.0	0.0	2.267309469061729e-07	1.0
0.15826280415058136	1.921104907989502	-0.5257744193077087	0.625	0.5	1.0	0	0.0	0	0.0	0	0.0	1.0	-2.267309469061729e-07	-1.0	0.0	0.0	0.0	2.267309469061729e-07	1.0
-0.15826280415058136	0.7129396796226501	-0.5257743000984192	0.625	0.25	0	0	0	0	0	0	0.0	-9.866969463701025e-08	-1.0	1.0	0.0	0.0	0.0	-1.0	9.866969463701025e-08
0.15826280415058136	1.921104907989502	-0.5257744193077087	0.625	0.5	1.0	0	0.0	0	0.0	0	0.0	-9.866969463701025e-08	-1.0	1.0	0.0	0.0	0.0	-1.0	9.866969463701025e-08
0.15826280415058136	0.7129396796226501	-0.5257743000984192	0.625	0.5	1.0	4	0.0	0	0.0	0	0.0	-9.866969463701025e-08	-1.0	1.0	0.0	0.0	0.0	-1.0	9.866969463701025e-08
0.15826280415058136	0.7129396796226501	0.5257741808891296	0.625	0.75	1.0	2	0.0	0	0.0	0	0.0	9.866968042615554e-08	1.0	1.0	0.0	0.0	0.0	1.0	-9.866968042615554e-08
-0.15826280415058136	1.921105146408081	0.5257740616798401	0.625	1.0	1.0	0	0.0	0	0.0	0	0.0	9.866968042615554e-08	1.0	1.0	0.0	0.0	0.0	1.0	-9.866968042615554e-08
-0.15826280415058136	0.7129396796226501	0.5257741808891296	0.625	1.0	1.0	2	0.0	0	0.0	0	0.0	9.866968042615554e-08	1.0	1.0	0.0	0.0	0.0	1.0	-9.866968042615554e-08
-0.15826280415058136	1.921104907989502	-0.5257744193077087	0.625	0.25	1.0	0	0.0	0	0.0	0	-1.0	0.0	0.0	0.0	0.0	0.0	0.0	0.0	0.0
0.15826280415058136	0.20958013832569122	1.5540982484817505	0.625	0.75	1.0	3	0.0	0	0.0	0	0.0	0.0	1.0	0.0	1.0	0.0	-1.0	0.0	0.0
-0.15826280415058136	-0.33155104517936707	1.5540982484817505	0.375	1.0	1.0	3	0.0	0	0.0	0	0.0	0.0	1.0	0.0	1.0	0.0	-1.0	0.0	0.0
0.15826280415058136	-0.33155104517936707	1.5540982484817505	0.375	0.75	1.0	3	0.0	0	0.0	0	0.0	0.0	1.0	0.0	1.0	0.0	-1.0	0.0	0.0
0.15826280415058136	-0.036841120570898056	0.5257742404937744	0.375	0.75	1.0	2	0.0	0	0.0	0	0.0	-0.9613006711006165	-0.2755015194416046	1.0	0.0	0.0	0.0	-0.2755015194416046	0.9613006711006165
-0.15826280415058136	-0.33155104517936707	1.5540982484817505	0.125	0.75	1.0	3	0.0	0	0.0	0	0.0	-0.9613006711006165	-0.2755015194416046	1.0	0.0	0.0	0.0	-0.2755015194416046	0.9613006711006165
-0.15826280415058136	-0.036841120570898056	0.5257742404937744	0.125	0.75	1.0	2	0.0	0	0.0	0	0.0	-0.9613006711006165	-0.2755015194416046	1.0	0.0	0.0	0.0	-0.2755015194416046	0.9613006711006165
-0.15826280415058136	0.7129396796226501	0.5257741808891296	0.625	1.0	1.0	2	0.0	0	0.0	0	0.0	0.8981695175170898	0.4396495223045349	1.0	0.0	0.0	0.0	0.4396495223045349	-0.8981695175170898
0.15826280415058136	0.20958013832569122	1.5540982484817505	0.625	0.75	1.0	3	0.0	0	0.0	0	0.0	0.8981695175170898	0.4396495223045349	1.0	0.0	0.0	0.0	0.4396495223045349	-0.8981695175170898
0.15826280415058136	0.7129396796226501	0.5257741808891296	0.625	0.75	1.0	2	0.0	0	0.0	0	0.0	0.8981695175170898	0.4396495223045349	1.0	0.0	0.0	0.0	0.4396495223045349	-0.8981695175170898
0.15826280415058136	-0.036841120570898056	0.5257742404937744	0.375	0.75	1.0	2	0.0	0	0.0	0	1.0	0.0	0.0	0.0	0.0	0.0	0.0	0.0	0.0
0.15826280415058136	0.20958013832569122	1.5540982484817505	0.625	0.75	1.0	3	0.0	0	0.0	0	1.0	0.0	0.0	0.0	0.0	0.0	0.0	0.0	0.0
0.15826280415058136	-0.33155104517936707	1.5540982484817505	0.375	0.75	1.0	3	0.0	0	0.0	0	1.0	0.0	0.0	0.0	0.0	0.0	0.0	0.0	0.0
-0.15826280415058136	0.3128121793270111	-1.4605530500411987	0.625	0.25	1.0	5	0.0	0	0.0	0	0.0	0.0	-1.0	0.0	1.0	0.0	1.0	0.0	0.0
0.15826280415058136	-0.2538372874259949	-1.4605530500411987	0.375	0.5	1.0	5	0.0	0	0.0	0	0.0	0.0	-1.0	0.0	1.0	0.0	1.0	0.0	0.0
-0.15826280415058136	-0.2538372874259949	-1.4605530500411987	0.375	0.25	1.0	5	0.0	0	0.0	0	0.0	0.0	-1.0	0.0	1.0	0.0	1.0	0.0	0.0
-0.15826280415058136	-0.002063287189230323	-0.5257742404937744	0.125	0.5	1.0	4	0.0	0	0.0	0	0.0	-0.9655891060829163	0.2600724995136261	1.0	0.0	0.0	0.0	0.2600724995136261	0.9655891060829163
0.15826280415058136	-0.2538372874259949	-1.4605530500411987	0.375	0.5	1.0	5	0.0	0	0.0	0	0.0	-0.9655891060829163	0.2600724995136261	1.0	0.0	0.0	0.0	0.2600724995136261	0.9655891060829163
0.15826280415058136	-0.002063287189230323	-0.5257742404937744	0.375	0.5	1.0	4	0.0	0	0.0	0	0.0	-0.9655891060829163	0.2600724995136261	1.0	0.0	0.0	0.0	0.2600724995136261	0.9655891060829163
0.15826280415058136	0.7129396796226501	-0.5257743000984192	0.625	0.5	1.0	4	0.0	0	0.0	0	0.0	0.9193201065063477	-0.39351049065589905	1.0	0.0	0.0	0.0	-0.39351049065589905	-0.9193201065063477
-0.15826280415058136	0.3128121793270111	-1.4605530500411987	0.625	0.25	1.0	5	0.0	0	0.0	0	0.0	0.9193201065063477	-0.39351049065589905	1.0	0.0	0.0	0.0	-0.39351049065589905	-0.9193201065063477
-0.15826280415058136	0.7129396796226501	-0.5257743000984192	0.625	0.25	0	0	0	0	0	0	0.0	0.9193201065063477	-0.39351049065589905	1.0	0.0	0.0	0.0	-0.39351049065589905	-0.9193201065063477
0.15826280415058136	0.3128121793270111	-1.4605530500411987	0.625	0.5	1.0	5	0.0	0	0.0	0	1.0	0.0	0.0	0.0	0.0	0.0	0.0	0.0	0.0
-0.15826280415058136	-0.7129396796226501	5.382544898679953e-08	0.375	0.125	0.5	8	0.5	6	0.0	0	-1.0	0.0	0.0	0.0	0.0	0.0	0.0	0.0	0.0
-0.15826280415058136	-2.046593189239502	-0.6947180032730103	0.375	0.25	1.0	9	0.0	0	0.0	0	-1.0	0.0	0.0	0.0	0.0	0.0	0.0	0.0	0.0
-0.15826280415058136	-2.046593189239502	-0.16894371807575226	0.375	0.125	1.0	9	0.0	0	0.0	0	-1.0	0.0	0.0	0.0	0.0	0.0	0.0	0.0	0.0
0.15826280415058136	-2.0701143741607666	0.2981945872306824	0.375	0.625	1.0	7	0.0	0	0.0	0	0.0	-1.0	4.5346192223405524e-07	1.0	0.0	0.0	0.0	4.5346192223405524e-07	1.0
-0.15826280415058136	-2.0701141357421875	0.823968768119812	0.125	0.75	1.0	7	0.0	0	0.0	0	0.0	-1.0	4.5346192223405524e-07	1.0	0.0	0.0	0.0	4.5346192223405524e-07	1.0
-0.15826280415058136	-2.0701143741607666	0.2981945872306824	0.125	0.625	1.0	7	0.0	0	0.0	0	0.0	-1.0	4.5346192223405524e-07	1.0	0.0	0.0	0.0	4.5346192223405524e-07	1.0
0.15826280415058136	-0.7129396796226501	5.382544898679953e-08	0.375	0.625	0.5	8	0.5	6	0.0	0	1.0	0.0	0.0	0.0	0.0	0.0	0.0	0.0	0.0
0.15826280415058136	-2.0701141357421875	0.823968768119812	0.375	0.75	1.0	7	0.0	0	0.0	0	1.0	0.0	0.0	0.0	0.0	0.0	0.0	0.0	0.0
0.15826280415058136	-2.0701143741607666	0.2981945872306824	0.375	0.625	1.0	7	0.0	0	0.0	0	1.0	0.0	0.0	0.0	0.0	0.0	0.0	0.0	0.0
-0.15826280415058136	-2.0701141357421875	0.823968768119812	0.375	0.0	1.0	7	0.0	0	0.0	0	-1.0	0.0	0.0	0.0	0.0	0.0	0.0	0.0	0.0
0.15826280415058136	-0.7129396796226501	5.382544898679953e-08	0.375	0.625	0.5	8	0.5	6	0.0	0	0.0	-0.21459826827049255	-0.9767024517059326	1.0	0.0	0.0	0.0	-0.9767024517059326	0.21459826827049255
-0.15826280415058136	-2.0701143741607666	0.2981945872306824	0.125	0.625	1.0	7	0.0	0	0.0	0	0.0	-0.21459826827049255	-0.9767024517059326	1.0	0.0	0.0	0.0	-0.9767024517059326	0.21459826827049255
-0.15826280415058136	-0.7129396796226501	5.382544898679953e-08	0.125	0.625	0.5	8	0.5	6	0.0	0	0.0	-0.21459826827049255	-0.9767024517059326	1.0	0.0	0.0	0.0	-0.9767024517059326	0.21459826827049255
0.15826280415058136	-2.046593189239502	-0.6947180032730103	0.375	0.5	1.0	9	0.0	0	0.0	0	0.0	-1.0	0.0	1.0	0.0	0.0	0.0	0.0	1.0
-0.15826280415058136	-2.046593189239502	-0.16894371807575226	0.125	0.625	1.0	9	0.0	0	0.0	0	0.0	-1.0	0.0	1.0	0.0	0.0	0.0	0.0	1.0
-0.15826280415058136	-2.046593189239502	-0.6947180032730103	0.125	0.5	1.0	9	0.0	0	0.0	0	0.0	-1.0	0.0	1.0	0.0	0.0	0.0	0.0	1.0
0.15826280415058136	-0.002063287189230323	-0.5257742404937744	0.375	0.5	1.0	4	0.0	0	0.0	0	0.0	0.08235140889883041	-0.9966033697128296	1.0	0.0	0.0	0.0	-0.9966033697128296	-0.08235140889883041
-0.15826280415058136	-2.046593189239502	-0.6947180032730103	0.125	0.5	1.0	9	0.0	0	0.0	0	0.0	0.08235140889883041	-0.9966033697128296	1.0	0.0	0.0	0.0	-0.9966033697128296	-0.08235140889883041
-0.15826280415058136	-0.002063287189230323	-0.5257742404937744	0.125	0.5	1.0	4	0.0	0	0.0	0	0.0	0.08235140889883041	-0.9966033697128296	1.0	0.0	0.0	0.0	-0.9966033697128296	-0.08235140889883041
0.15826280415058136	-2.046593189239502	-0.6947180032730103	0.375	0.5	1.0	9	0.0	0	0.0	0	1.0	0.0	0.0	0.0	0.0	0.0	0.0	0.0	0.0
0.15826280415058136	-0.002063287189230323	-0.5257742404937744	0.375	0.5	1.0	4	0.0	0	0.0	0	1.0	0.0	0.0	0.0	0.0	0.0	0.0	0.0	0.0
-0.15826280415058136	-0.7129396796226501	5.382544898679953e-08	0.125	0.625	0.5	8	0.5	6	0.0	0	0.0	-0.1256730854511261	0.9920716881752014	1.0	0.0	0.0	0.0	0.9920716881752014	0.1256730854511261
0.15826280415058136	-2.046593189239502	-0.16894371807575226	0.375	0.625	1.0	9	0.0	0	0.0	0	0.0	-0.1256730854511261	0.9920716881752014	1.0	0.0	0.0	0.0	0.9920716881752014	0.1256730854511261
0.15826280415058136	-0.7129396796226501	5.382544898679953e-08	0.375	0.625	0.5	8	0.5	6	0.0	0	0.0	-0.1256730854511261	0.9920716881752014	1.0	0.0	0.0	0.0	0.9920716881752014	0.1256730854511261
0.15826280415058136	0.7129396796226501	-0.5257743000984192	0.625	0.5	1.0	4	0.0	0	0.0	0	1.0	0.0	0.0	0.0	0.0	0.0	0.0	0.0	0.0
0.15826280415058136	1.921104907989502	-0.5257744193077087	0.625	0.5	1.0	0	0.0	0	0.0	0	1.0	0.0	0.0	0.0	0.0	0.0	0.0	0.0	0.0
-0.15826280415058136	-0.33155104517936707	1.5540982484817505	0.375	0.0	1.0	3	0.0	0	0.0	0	-1.0	0.0	0.0	0.0	0.0	0.0	0.0	0.0	0.0
-0.15826280415058136	-0.7129396796226501	5.382544898679953e-08	0.375	0.125	0.5	8	0.5	6	0.0	0	-1.0	0.0	0.0	1.0	0.0	0.0	0.0	0.0	0.0
-0.15826280415058136	-0.036841120570898056	0.5257742404937744	0.375	0.0	1.0	2	0.0	0	0.0	0	-1.0	0.0	0.0	1.0	0.0	0.0	0.0	0.0	0.0
-0.15826280415058136	-0.002063287189230323	-0.5257742404937744	0.375	0.25	1.0	4	0.0	0	0.0	0	-1.0	0.0	0.0	1.0	0.0	0.0	0.0	0.0	0.0
-0.15826280415058136	-0.036841120570898056	0.5257742404937744	0.375	0.0	1.0	2	0.0	0	0.0	0	-1.0	0.0	0.0	0.0	1.0	-7.949609681645597e-08	0.0	-7.949609681645597e-08	-1.0
-0.15826280415058136	-2.0701141357421875	0.823968768119812	0.125	0.75	1.0	7	0.0	0	0.0	0	0.0	0.14510522782802582	0.989416241645813	1.0	0.0	0.0	0.0	0.989416241645813	-0.14510522782802582
0.15826280415058136	-0.7129396796226501	5.382544898679953e-08	0.375	0.625	0.5	8	0.5	6	0.0	0	1.0	0.0	0.0	1.0	0.0	0.0	0.0	0.0	0.0
0.15826280415058136	-0.002063287189230323	-0.5257742404937744	0.375	0.5	1.0	4	0.0	0	0.0	0	1.0	0.0	0.0	1.0	0.0	0.0	0.0	0.0	0.0
0.15826280415058136	-0.036841120570898056	0.5257742404937744	0.375	0.75	1.0	2	0.0	0	0.0	0	1.0	0.0	0.0	1.0	0.0	0.0	0.0	0.0	0.0
-0.15826280415058136	1.921105146408081	0.5257740616798401	0.875	0.75	1.0	0	0.0	0	0.0	0	0.0	1.0	-2.267309469061729e-07	-1.0	0.0	0.0	0.0	2.267309469061729e-07	1.0
-0.15826280415058136	1.921104907989502	-0.5257744193077087	0.625	0.25	1.0	0	0.0	0	0.0	0	0.0	-9.866969463701025e-08	-1.0	1.0	0.0	0.0	0.0	-1.0	9.866969463701025e-08
0.15826280415058136	1.921105146408081	0.5257740616798401	0.625	0.75	1.0	0	0.0	0	0.0	0	0.0	9.866968042615554e-08	1.0	1.0	0.0	0.0	0.0	1.0	-9.866968042615554e-08
-0.15826280415058136	1.921105146408081	0.5257740616798401	0.625	0.0	1.0	0	0.0	0	0.0	0	-1.0	0.0	0.0	0.0	0.0	0.0	0.0	0.0	0.0
-0.15826280415058136	0.20958013832569122	1.5540982484817505	0.625	1.0	1.0	3	0.0	0	0.0	0	0.0	0.0	1.0	0.0	1.0	0.0	-1.0	0.0	0.0
0.15826280415058136	-0.33155104517936707	1.5540982484817505	0.375	0.75	1.0	3	0.0	0	0.0	0	0.0	-0.9613006711006165	-0.2755015194416046	1.0	0.0	0.0	0.0	-0.2755015194416046	0.9613006711006165
-0.15826280415058136	0.20958013832569122	1.5540982484817505	0.625	1.0	1.0	3	0.0	0	0.0	0	0.0	0.8981695175170898	0.4396495223045349	1.0	0.0	0.0	0.0	0.4396495223045349	-0.8981695175170898
0.15826280415058136	0.7129396796226501	0.5257741808891296	0.625	0.75	1.0	2	0.0	0	0.0	0	1.0	0.0	0.0	0.0	0.0	0.0	0.0	0.0	0.0
0.15826280415058136	0.3128121793270111	-1.4605530500411987	0.625	0.5	1.0	5	0.0	0	0.0	0	0.0	0.0	-1.0	0.0	1.0	0.0	1.0	0.0	0.0
-0.15826280415058136	-0.2538372874259949	-1.4605530500411987	0.125	0.5	1.0	5	0.0	0	0.0	0	0.0	-0.9655891060829163	0.2600724995136261	1.0	0.0	0.0	0.0	0.2600724995136261	0.9655891060829163
0.15826280415058136	0.3128121793270111	-1.4605530500411987	0.625	0.5	1.0	5	0.0	0	0.0	0	0.0	0.9193201065063477	-0.39351049065589905	1.0	0.0	0.0	0.0	-0.39351049065589905	-0.9193201065063477
0.15826280415058136	-0.2538372874259949	-1.4605530500411987	0.375	0.5	1.0	5	0.0	0	0.0	0	1.0	0.0	0.0	0.0	0.0	0.0	0.0	0.0	0.0
0.15826280415058136	-2.0701141357421875	0.823968768119812	0.375	0.75	1.0	7	0.0	0	0.0	0	0.0	-1.0	4.5346192223405524e-07	1.0	0.0	0.0	0.0	4.5346192223405524e-07	1.0
-0.15826280415058136	-2.0701143741607666	0.2981945872306824	0.375	0.125	1.0	7	0.0	0	0.0	0	-1.0	0.0	0.0	0.0	0.0	0.0	0.0	0.0	0.0
0.15826280415058136	-2.0701143741607666	0.2981945872306824	0.375	0.625	1.0	7	0.0	0	0.0	0	0.0	-0.21459826827049255	-0.9767024517059326	1.0	0.0	0.0	0.0	-0.9767024517059326	0.21459826827049255
0.15826280415058136	-2.046593189239502	-0.16894371807575226	0.375	0.625	1.0	9	0.0	0	0.0	0	0.0	-1.0	0.0	1.0	0.0	0.0	0.0	0.0	1.0
0.15826280415058136	-2.046593189239502	-0.6947180032730103	0.375	0.5	1.0	9	0.0	0	0.0	0	0.0	0.08235140889883041	-0.9966033697128296	1.0	0.0	0.0	0.0	-0.9966033697128296	-0.08235140889883041
0.15826280415058136	-2.046593189239502	-0.16894371807575226	0.375	0.625	1.0	9	0.0	0	0.0	0	1.0	0.0	0.0	0.0	0.0	0.0	0.0	0.0	0.0
-0.15826280415058136	-2.046593189239502	-0.16894371807575226	0.125	0.625	1.0	9	0.0	0	0.0	0	0.0	-0.1256730854511261	0.9920716881752014	1.0	0.0	0.0	0.0	0.9920716881752014	0.1256730854511261
0	1	2
3	4	5
6	7	8
9	10	11
12	13	2
14	15	16
17	18	19
20	21	22
23	24	25
6	26	7
27	28	29
30	31	32
33	34	35
36	37	38
39	40	41
42	43	44
45	46	47
13	48	0
49	50	51
52	53	54
55	56	57
49	58	3
59	60	61
62	63	64
65	66	67
55	68	69
70	71	72
73	74	1
3	75	4
76	77	78
79	6	8
9	80	10
81	82	83
13	0	2
8	7	15
17	84	18
20	85	21
23	86	24
5	87	26
27	88	28
30	89	31
33	90	34
36	91	37
39	92	40
42	93	43
45	94	46
69	95	48
49	14	50
52	96	53
55	36	56
49	97	58
59	98	60
62	99	63
65	100	66
55	101	68
70	102	71
