138	56	10
0.15826280415058136	0.7129396796226501	-0.5257743000984192	0.3947443962097168	0.2705073058605194	1.0	4	0.0	0	0.0	0	1.0	0.0	0.0	0.0	-0.30849891901016235	-0.9512247443199158	0.0	0.9512247443199158	-0.30849891901016235
0.15826280415058136	1.921105146408081	0.5257740616798401	0.2735501825809479	0.3433164656162262	1.0	0	0.0	0	0.0	0	1.0	0.0	0.0	0.0	-0.3084988594055176	-0.951224684715271	0.0	0.951224684715271	-0.3084988594055176
0.15826280415058136	0.7129396796226501	0.5257741808891296	0.30645039677619934	0.24187201261520386	1.0	2	0.0	0	0.0	0	1.0	0.0	0.0	0.0	-0.3084988594055176	-0.951224684715271	0.0	0.951224684715271	-0.3084988594055176
-0.15826280415058136	-0.036841120570898056	0.5257742404937744	0.15596337616443634	0.6361525058746338	1.0	2	0.0	0	0.0	0	-1.0	0.0	0.0	0.0	0.37904807925224304	-0.9253769516944885	0.0	-0.9253769516944885	-0.37904807925224304
-0.15826280415058136	0.20958013832569122	1.5540982484817505	0.047808051109313965	0.5252535343170166	1.0	3	0.0	0	0.0	0	-1.0	0.0	0.0	0.0	0.37904807925224304	-0.9253770112991333	0.0	-0.9253770112991333	-0.37904807925224304
-0.15826280415058136	0.7129396796226501	0.5257741808891296	0.18769127130508423	0.5116090774536133	1.0	2	0.0	0	0.0	0	-1.0	0.0	0.0	0.0	0.37904804944992065	-0.9253770112991333	0.0	-0.9253770112991333	-0.37904804944992065
-0.15826280415058136	0.7129396796226501	0.5257741808891296	0.18769127130508423	0.5116090774536133	1.0	2	0.0	0	0.0	0	-1.0	0.0	0.0	0.0	0.19995753467082977	-0.9798045754432678	0.0	-0.9798045754432678	-0.19995753467082977
-0.15826280415058136	0.7129396796226501	-0.5257743000984192	0.3495526909828186	0.5409263968467712	0	0	0	0	0	0	-1.0	0.0	0.0	0.0	0.1311817616224289	-0.9913583397865295	0.0	-0.9913583397865295	-0.1311817616224289
-0.15826280415058136	-0.002063287189230323	-0.5257742404937744	0.3439297378063202	0.6658884882926941	1.0	4	0.0	0	0.0	0	-1.0	0.0	0.0	0.0	0.08062495291233063	-0.9967445135116577	0.0	-0.9967445135116577	-0.08062495291233063
-0.15826280415058136	-0.036841120570898056	0.5257742404937744	0.15596337616443634	0.6361525058746338	1.0	2	0.0	0	0.0	0	0.0	0.14510522782802582	0.989416241645813	-0.9181755781173706	-0.3919806480407715	0.05748686566948891	0.3961736559867859	-0.9084578156471252	0.13323207199573517
0.15826280415058136	-2.0701141357421875	0.823968768119812	0.005148903466761112	0.9202035069465637	1.0	7	0.0	0	0.0	0	0.0	0.14510522782802582	0.989416241645813	-0.9181755781173706	-0.3919806480407715	0.057486869394779205	0.3961736559867859	-0.9084578156471252	0.13323207199573517
0.15826280415058136	-0.036841120570898056	0.5257742404937744	0.10124004632234573	0.6538537740707397	1.0	2	0.0	0	0.0	0	0.0	0.14510522782802582	0.989416241645813	-0.9181755781173706	-0.39198067784309387	0.057486869394779205	0.3961736857891083	-0.9084578156471252	0.13323207199573517
0.15826280415058136	-0.036841120570898056	0.5257742404937744	0.32686808705329895	0.17891614139080048	1.0	2	0.0	0	0.0	0	1.0	0.0	0.0	0.0	-0.3084988594055176	-0.951224684715271	0.0	0.951224684715271	-0.3084988594055176
0.15826280415058136	-0.002063287189230323	-0.5257742404937744	0.4142150580883026	0.21047158539295197	1.0	4	0.0	0	0.0	0	1.0	0.0	0.0	0.0	-0.3084990084171295	-0.9512247443199158	0.0	0.9512247443199158	-0.3084990084171295
-0.15826280415058136	-0.002063287189230323	-0.5257742404937744	0.3439297378063202	0.6658884882926941	1.0	4	0.0	0	0.0	0	-1.0	0.0	0.0	0.0	-0.48408010601997375	-0.875023603439331	0.0	-0.875023603439331	0.48408010601997375
-0.15826280415058136	0.3128121793270111	-1.4605530500411987	0.4642299711704254	0.6042260527610779	1.0	5	0.0	0	0.0	0	-1.0	0.0	0.0	0.0	-0.48408016562461853	-0.8750236630439758	0.0	-0.8750236630439758	0.48408016562461853
-0.15826280415058136	-0.2538372874259949	-1.4605530500411987	0.47610214352607727	0.6462217569351196	1.0	5	0.0	0	0.0	0	-1.0	0.0	0.0	0.0	-0.4840802252292633	-0.8750237226486206	0.0	-0.8750237226486206	0.4840802252292633
-0.15826280415058136	1.921104907989502	-0.5257744193077087	0.3532247245311737	0.3985290229320526	1.0	0	0.0	0	0.0	0	0.0	1.0	-2.267309469061729e-07	0.3084985911846161	-2.1567211661022156e-07	-0.9512248635292053	-0.9512248635292053	-6.994617507416478e-08	-0.3084985911846161
0.15826280415058136	1.921105146408081	0.5257740616798401	0.2735501825809479	0.3433164656162262	1.0	0	0.0	0	0.0	0	0.0	1.0	-2.267309469061729e-07	0.3084985911846161	-2.1567211661022156e-07	-0.9512248635292053	-0.9512248635292053	-6.994617507416478e-08	-0.3084985911846161
0.15826280415058136	1.921104907989502	-0.5257744193077087	0.36184418201446533	0.37195172905921936	1.0	0	0.0	0	0.0	0	0.0	1.0	-2.267309469061729e-07	0.3084986209869385	-2.1567211661022156e-07	-0.9512248635292053	-0.9512248635292053	-6.994618217959214e-08	-0.3084986209869385
-0.15826280415058136	0.7129396796226501	-0.5257743000984192	0.3495526909828186	0.5409263968467712	0	0	0	0	0	0	0.0	-9.866969463701025e-08	-1.0	0.8050992488861084	-0.5931401252746582	5.852495377212108e-08	-0.5931401252746582	-0.8050992488861084	7.943889812622729e-08
0.15826280415058136	1.921104907989502	-0.5257744193077087	0.3809238374233246	0.3983113467693329	1.0	0	0.0	0	0.0	0	0.0	-9.866969463701025e-08	-1.0	0.8050992488861084	-0.5931401252746582	5.852495377212108e-08	-0.5931401252746582	-0.8050992488861084	7.943889812622729e-08
0.15826280415058136	0.7129396796226501	-0.5257743000984192	0.3866845369338989	0.5178530812263489	1.0	4	0.0	0	0.0	0	0.0	-9.866969463701025e-08	-1.0	0.8050993084907532	-0.5931401252746582	5.852495732483476e-08	-0.5931401252746582	-0.8050993084907532	7.943889812622729e-08
0.15826280415058136	0.7129396796226501	0.5257741808891296	0.16191941499710083	0.47536927461624146	1.0	2	0.0	0	0.0	0	0.0	9.866968042615554e-08	1.0	-0.7156128287315369	0.6984972357749939	-6.892049952966772e-08	-0.6984972357749939	-0.7156128287315369	7.06092890823129e-08
-0.15826280415058136	1.921105146408081	0.5257740616798401	0.26493072509765625	0.36989375948905945	1.0	0	0.0	0	0.0	0	0.0	9.866968042615554e-08	1.0	-0.7156127691268921	0.6984971761703491	-6.892049242424036e-08	-0.6984971761703491	-0.7156127691268921	7.060928197688554e-08
-0.15826280415058136	0.7129396796226501	0.5257741808891296	0.18769127130508423	0.5116090774536133	1.0	2	0.0	0	0.0	0	0.0	9.866968042615554e-08	1.0	-0.7156128287315369	0.6984972357749939	-6.892049952966772e-08	-0.6984972357749939	-0.7156128287315369	7.06092890823129e-08
-0.15826280415058136	1.921104907989502	-0.5257744193077087	0.3532247245311737	0.3985290229320526	1.0	0	0.0	0	0.0	0	-1.0	0.0	0.0	0.0	0.23019535839557648	-0.9731444120407104	0.0	-0.9731444120407104	-0.23019535839557648
0.15826280415058136	0.20958013832569122	1.5540982484817505	0.02881995588541031	0.5087886452674866	1.0	3	0.0	0	0.0	0	0.0	0.0	1.0	-0.7555215954780579	0.6551237106323242	0.0	-0.6551237106323242	-0.7555215954780579	0.0
-0.15826280415058136	-0.33155104517936707	1.5540982484817505	0.01965976320207119	0.5577155351638794	1.0	3	0.0	0	0.0	0	0.0	0.0	1.0	-0.7555221915245056	0.6551230549812317	0.0	-0.6551230549812317	-0.7555221915245056	0.0
0.15826280415058136	-0.33155104517936707	1.5540982484817505	0.0006716034258715808	0.5412507057189941	1.0	3	0.0	0	0.0	0	0.0	0.0	1.0	-0.7555228471755981	0.6551223993301392	0.0	-0.6551223993301392	-0.7555228471755981	0.0
0.15826280415058136	-0.036841120570898056	0.5257742404937744	0.10124004632234573	0.6538537740707397	1.0	2	0.0	0	0.0	0	0.0	-0.9613006711006165	-0.2755015194416046	-0.7951323390007019	0.16707400977611542	-0.582967221736908	0.6064358949661255	0.21906016767024994	-0.7643612623214722
-0.15826280415058136	-0.33155104517936707	1.5540982484817505	0.01965976320207119	0.5577155351638794	1.0	3	0.0	0	0.0	0	0.0	-0.9613006711006165	-0.2755015194416046	-0.7951323390007019	0.16707400977611542	-0.582967221736908	0.6064358949661255	0.21906016767024994	-0.7643612623214722
-0.15826280415058136	-0.036841120570898056	0.5257742404937744	0.15596337616443634	0.6361525058746338	1.0	2	0.0	0	0.0	0	0.0	-0.9613006711006165	-0.2755015194416046	-0.7951324582099915	0.16707400977611542	-0.582967221736908	0.6064358949661255	0.21906019747257233	-0.7643613219261169
-0.15826280415058136	0.7129396796226501	0.5257741808891296	0.18769127130508423	0.5116090774536133	1.0	2	0.0	0	0.0	0	0.0	0.8981695175170898	0.4396495223045349	-0.15059112012386322	0.4346357583999634	-0.8879268169403076	-0.9885962009429932	-0.06620731204748154	0.1352563500404358
0.15826280415058136	0.20958013832569122	1.5540982484817505	0.04387282207608223	0.495977520942688	1.0	3	0.0	0	0.0	0	0.0	0.8981695175170898	0.4396495223045349	-0.13252387940883636	0.4357716739177704	-0.8902474045753479	-0.991179883480072	-0.05826405808329582	0.11902891099452972
0.15826280415058136	0.7129396796226501	0.5257741808891296	0.16191941499710083	0.47536927461624146	1.0	2	0.0	0	0.0	0	0.0	0.8981695175170898	0.4396495223045349	-0.15530680119991302	0.43431493639945984	-0.8872713446617126	-0.9878662824630737	-0.06828055530786514	0.13949181139469147
0.15826280415058136	-0.036841120570898056	0.5257742404937744	0.32686808705329895	0.17891614139080048	1.0	2	0.0	0	0.0	0	1.0	0.0	0.0	0.0	-0.30849888920783997	-0.951224684715271	0.0	0.951224684715271	-0.30849888920783997
0.15826280415058136	0.20958013832569122	1.5540982484817505	0.23381370306015015	0.1716042160987854	1.0	3	0.0	0	0.0	0	1.0	0.0	0.0	0.0	-0.3084988594055176	-0.951224684715271	0.0	0.951224684715271	-0.3084988594055176
0.15826280415058136	-0.33155104517936707	1.5540982484817505	0.24854955077171326	0.12616775929927826	1.0	3	0.0	0	0.0	0	1.0	0.0	0.0	0.0	-0.3084988594055176	-0.9512248039245605	0.0	0.9512248039245605	-0.3084988594055176
-0.15826280415058136	0.3128121793270111	-1.4605530500411987	0.4642299711704254	0.6042260527610779	1.0	5	0.0	0	0.0	0	0.0	0.0	-1.0	0.9622867703437805	-0.27203717827796936	0.0	-0.27203717827796936	-0.9622867703437805	0.0
0.15826280415058136	-0.2538372874259949	-1.4605530500411987	0.4995606243610382	0.6395900845527649	1.0	5	0.0	0	0.0	0	0.0	0.0	-1.0	0.9622867703437805	-0.272037148475647	0.0	-0.272037148475647	-0.9622867703437805	0.0
-0.15826280415058136	-0.2538372874259949	-1.4605530500411987	0.47610214352607727	0.6462217569351196	1.0	5	0.0	0	0.0	0	0.0	0.0	-1.0	0.9622868299484253	-0.272037148475647	0.0	-0.272037148475647	-0.9622868299484253	0.0
-0.15826280415058136	-0.002063287189230323	-0.5257742404937744	0.3439297378063202	0.6658884882926941	1.0	4	0.0	0	0.0	0	0.0	-0.9655891060829163	0.2600724995136261	0.25082075595855713	-0.2517589330673218	-0.9347227215766907	0.9680335521697998	0.0652315765619278	0.24218976497650146
0.15826280415058136	-0.2538372874259949	-1.4605530500411987	0.48213472962379456	0.6732750535011292	1.0	5	0.0	0	0.0	0	0.0	-0.9655891060829163	0.2600724995136261	0.25082075595855713	-0.2517589330673218	-0.9347227215766907	0.9680335521697998	0.0652315765619278	0.24218976497650146
0.15826280415058136	-0.002063287189230323	-0.5257742404937744	0.38699549436569214	0.7014805674552917	1.0	4	0.0	0	0.0	0	0.0	-0.9655891060829163	0.2600724995136261	0.25082072615623474	-0.2517589032649994	-0.9347226619720459	0.9680336117744446	0.0652315765619278	0.24218976497650146
0.15826280415058136	0.7129396796226501	-0.5257743000984192	0.3866845369338989	0.5178530812263489	1.0	4	0.0	0	0.0	0	0.0	0.9193201065063477	-0.39351049065589905	0.6494128108024597	-0.2992396056652069	-0.6990842223167419	-0.7604361176490784	-0.255550742149353	-0.5970182418823242
-0.15826280415058136	0.3128121793270111	-1.4605530500411987	0.4642299711704254	0.6042260527610779	1.0	5	0.0	0	0.0	0	0.0	0.9193201065063477	-0.39351049065589905	0.6494128108024597	-0.2992396056652069	-0.6990842223167419	-0.7604361772537231	-0.2555507719516754	-0.5970182418823242
-0.15826280415058136	0.7129396796226501	-0.5257743000984192	0.3495526909828186	0.5409263968467712	0	0	0	0	0	0	0.0	0.9193201065063477	-0.39351049065589905	0.6494128108024597	-0.2992396056652069	-0.6990842223167419	-0.7604361772537231	-0.2555507719516754	-0.5970182418823242
0.15826280415058136	0.3128121793270111	-1.4605530500411987	0.4841298460960388	0.26236581802368164	1.0	5	0.0	0	0.0	0	1.0	0.0	0.0	0.0	-0.3084990978240967	-0.951224684715271	0.0	0.951224684715271	-0.3084990978240967
-0.15826280415058136	-0.7129396796226501	5.382544898679953e-08	0.22865787148475647	0.7884201407432556	0.5	8	0.5	6	0.0	0	-1.0	0.0	0.0	0.0	-0.14440666139125824	-0.989518404006958	0.0	-0.989518404006958	0.14440666139125824
-0.15826280415058136	-2.046593189239502	-0.6947180032730103	0.33188530802726746	0.9755231738090515	1.0	9	0.0	0	0.0	0	-1.0	0.0	0.0	0.0	-0.06897099316120148	-0.9976187348365784	0.0	-0.9976187348365784	0.06897099316120148
-0.15826280415058136	-2.046593189239502	-0.16894371807575226	0.29563191533088684	0.9781041741371155	1.0	9	0.0	0	0.0	0	-1.0	0.0	0.0	0.0	-0.03434386104345322	-0.999410092830658	0.0	-0.999410092830658	0.03434386104345322
0.15826280415058136	-2.0701143741607666	0.2981945872306824	0.06186294183135033	0.9700427651405334	1.0	7	0.0	0	0.0	0	0.0	-1.0	4.5346192223405524e-07	-0.4203367829322815	-4.1145690943267255e-07	-0.9073681831359863	0.9073681831359863	-1.9060672684645397e-07	-0.4203367829322815
-0.15826280415058136	-2.0701141357421875	0.823968768119812	0.03633048012852669	0.9323251247406006	1.0	7	0.0	0	0.0	0	0.0	-1.0	4.5346192223405524e-07	-0.4203368127346039	-4.1145690943267255e-07	-0.9073681831359863	0.9073681831359863	-1.9060674105730868e-07	-0.4203368127346039
-0.15826280415058136	-2.0701143741607666	0.2981945872306824	0.07173731178045273	0.9487272500991821	1.0	7	0.0	0	0.0	0	0.0	-1.0	4.5346192223405524e-07	-0.4203368127346039	-4.11456937854382e-07	-0.9073682427406311	0.9073682427406311	-1.9060674105730868e-07	-0.4203368127346039
0.15826280415058136	-0.7129396796226501	5.382544898679953e-08	0.3894263207912445	0.1364647001028061	0.5	8	0.5	6	0.0	0	1.0	0.0	0.0	0.0	-0.3084981441497803	-0.9512249827384949	0.0	0.9512249827384949	-0.3084981441497803
0.15826280415058136	-2.0701141357421875	0.823968768119812	0.35719916224479675	7.067072874633595e-05	1.0	7	0.0	0	0.0	0	1.0	0.0	0.0	0.0	-0.3084981441497803	-0.9512249827384949	0.0	0.9512249827384949	-0.3084981441497803
0.15826280415058136	-2.0701143741607666	0.2981945872306824	0.4013461768627167	0.014388269744813442	1.0	7	0.0	0	0.0	0	1.0	0.0	0.0	0.0	-0.3084981441497803	-0.9512249231338501	0.0	0.9512249231338501	-0.3084981441497803
-0.15826280415058136	-0.7129396796226501	5.382544898679953e-08	0.22865787148475647	0.7884201407432556	0.5	8	0.5	6	0.0	0	-1.0	0.0	0.0	0.0	0.4776904881000519	-0.8785281777381897	0.0	-0.8785281777381897	-0.4776904881000519
-0.15826280415058136	-2.0701141357421875	0.823968768119812	0.03633048012852669	0.9323251247406006	1.0	7	0.0	0	0.0	0	-1.0	0.0	0.0	0.0	0.47769051790237427	-0.8785282373428345	0.0	-0.8785282373428345	-0.47769051790237427
-0.15826280415058136	-0.036841120570898056	0.5257742404937744	0.15596337616443634	0.6361525058746338	1.0	2	0.0	0	0.0	0	-1.0	0.0	0.0	0.0	0.4776904881000519	-0.8785281777381897	0.0	-0.8785281777381897	-0.4776904881000519
0.15826280415058136	-0.7129396796226501	5.382544898679953e-08	0.21183501183986664	0.865195095539093	0.5	8	0.5	6	0.0	0	0.0	-0.21459826827049255	-0.9767024517059326	0.42952045798301697	0.8820180892944336	-0.19379448890686035	0.9030571579933167	-0.41951367259025574	0.09217434376478195
-0.15826280415058136	-2.0701143741607666	0.2981945872306824	0.07173731178045273	0.9487272500991821	1.0	7	0.0	0	0.0	0	0.0	-0.21459826827049255	-0.9767024517059326	0.4295203983783722	0.8820180296897888	-0.19379447400569916	0.9030570983886719	-0.41951361298561096	0.09217433631420135
-0.15826280415058136	-0.7129396796226501	5.382544898679953e-08	0.22865787148475647	0.7884201407432556	0.5	8	0.5	6	0.0	0	0.0	-0.21459826827049255	-0.9767024517059326	0.42952045798301697	0.8820181488990784	-0.19379450380802155	0.9030572175979614	-0.41951367259025574	0.09217434376478195
0.15826280415058136	-2.046593189239502	-0.6947180032730103	0.3334391415119171	0.9973482489585876	1.0	9	0.0	0	0.0	0	0.0	-1.0	0.0	0.07101447880268097	0.0	-0.9974753260612488	0.9974753260612488	0.0	0.07101447880268097
-0.15826280415058136	-2.046593189239502	-0.16894371807575226	0.29563191533088684	0.9781041741371155	1.0	9	0.0	0	0.0	0	0.0	-1.0	0.0	0.07101493328809738	0.0	-0.997475266456604	0.997475266456604	0.0	0.07101493328809738
-0.15826280415058136	-2.046593189239502	-0.6947180032730103	0.33188530802726746	0.9755231738090515	1.0	9	0.0	0	0.0	0	0.0	-1.0	0.0	0.07101397216320038	0.0	-0.9974753260612488	0.9974753260612488	0.0	0.07101397216320038
0.15826280415058136	-0.002063287189230323	-0.5257742404937744	0.38699549436569214	0.7014805674552917	1.0	4	0.0	0	0.0	0	0.0	0.08235140889883041	-0.9966033697128296	0.8338090777397156	0.5501779317855835	0.04546234384179115	0.5520530343055725	-0.8309768438339233	-0.06866534054279327
-0.15826280415058136	-2.046593189239502	-0.6947180032730103	0.33188530802726746	0.9755231738090515	1.0	9	0.0	0	0.0	0	0.0	0.08235140889883041	-0.9966033697128296	0.994918942451477	0.10033722221851349	0.008291073143482208	0.1006791889667511	-0.9915395975112915	-0.08193297684192657
-0.15826280415058136	-0.002063287189230323	-0.5257742404937744	0.3439297378063202	0.6658884882926941	1.0	4	0.0	0	0.0	0	0.0	0.08235140889883041	-0.9966033697128296	0.8019141554832458	0.5954101085662842	0.04919997602701187	0.5974394083023071	-0.7991903424263	-0.06603875756263733
0.15826280415058136	-0.7129396796226501	5.382544898679953e-08	0.3894263207912445	0.1364647001028061	0.5	8	0.5	6	0.0	0	1.0	0.0	0.0	0.0	-0.3084990680217743	-0.9512246251106262	0.0	0.9512246251106262	-0.3084990680217743
0.15826280415058136	-2.046593189239502	-0.6947180032730103	0.48407629132270813	0.043401822447776794	1.0	9	0.0	0	0.0	0	1.0	0.0	0.0	0.0	-0.30849912762641907	-0.951224684715271	0.0	0.951224684715271	-0.30849912762641907
0.15826280415058136	-0.002063287189230323	-0.5257742404937744	0.4142150580883026	0.21047158539295197	1.0	4	0.0	0	0.0	0	1.0	0.0	0.0	0.0	-0.3084990382194519	-0.9512246251106262	0.0	0.9512246251106262	-0.3084990382194519
-0.15826280415058136	-0.7129396796226501	5.382544898679953e-08	0.22865787148475647	0.7884201407432556	0.5	8	0.5	6	0.0	0	0.0	-0.1256730854511261	0.9920716881752014	-0.35192134976387024	-0.9286084771156311	-0.11763372272253036	0.9360295534133911	-0.34913119673728943	-0.04422704130411148
0.15826280415058136	-2.046593189239502	-0.16894371807575226	0.2724112272262573	0.9877883791923523	1.0	9	0.0	0	0.0	0	0.0	-0.1256730854511261	0.9920716881752014	-0.35192134976387024	-0.9286085367202759	-0.11763373017311096	0.9360296130180359	-0.34913119673728943	-0.04422704130411148
0.15826280415058136	-0.7129396796226501	5.382544898679953e-08	0.21183501183986664	0.865195095539093	0.5	8	0.5	6	0.0	0	0.0	-0.1256730854511261	0.9920716881752014	-0.35192134976387024	-0.9286085367202759	-0.11763373017311096	0.9360296130180359	-0.34913119673728943	-0.04422704130411148
0.15826280415058136	0.7129396796226501	-0.5257743000984192	0.3947443962097168	0.2705073058605194	1.0	4	0.0	0	0.0	0	1.0	0.0	0.0	0.0	-0.3084987699985504	-0.951224684715271	0.0	0.951224684715271	-0.3084987699985504
0.15826280415058136	1.921104907989502	-0.5257744193077087	0.36184418201446533	0.37195172905921936	1.0	0	0.0	0	0.0	0	1.0	0.0	0.0	0.0	-0.3084988296031952	-0.9512248039245605	0.0	0.9512248039245605	-0.3084988296031952
0.15826280415058136	1.921105146408081	0.5257740616798401	0.2735501825809479	0.3433164656162262	1.0	0	0.0	0	0.0	0	1.0	0.0	0.0	0.0	-0.3084988296031952	-0.9512248039245605	0.0	0.9512248039245605	-0.3084988296031952
-0.15826280415058136	-0.036841120570898056	0.5257742404937744	0.15596337616443634	0.6361525058746338	1.0	2	0.0	0	0.0	0	-1.0	0.0	0.0	0.0	0.8415797352790833	-0.5401328802108765	0.0	-0.5401328802108765	-0.8415797352790833
-0.15826280415058136	-0.33155104517936707	1.5540982484817505	0.01965976320207119	0.5577155351638794	1.0	3	0.0	0	0.0	0	-1.0	0.0	0.0	0.0	0.841579794883728	-0.5401328802108765	0.0	-0.5401328802108765	-0.841579794883728
-0.15826280415058136	0.20958013832569122	1.5540982484817505	0.047808051109313965	0.5252535343170166	1.0	3	0.0	0	0.0	0	-1.0	0.0	0.0	0.0	0.8415797352790833	-0.5401328802108765	0.0	-0.5401328802108765	-0.8415797352790833
-0.15826280415058136	-0.7129396796226501	5.382544898679953e-08	0.22865787148475647	0.7884201407432556	0.5	8	0.5	6	0.0	0	-1.0	0.0	0.0	1.7763570511584873e-15	0.17314471304416656	-0.9848964810371399	0.0	-0.9848964214324951	-0.17314469814300537
-0.15826280415058136	-0.036841120570898056	0.5257742404937744	0.15596337616443634	0.6361525058746338	1.0	2	0.0	0	0.0	0	-1.0	0.0	0.0	1.7763568394002505e-15	0.17314469814300537	-0.9848964214324951	0.0	-0.9848964810371399	-0.17314469814300537
-0.15826280415058136	-0.002063287189230323	-0.5257742404937744	0.3439297378063202	0.6658884882926941	1.0	4	0.0	0	0.0	0	-1.0	0.0	0.0	1.7763568394002505e-15	0.17314469814300537	-0.9848964214324951	0.0	-0.9848964810371399	-0.17314469814300537
-0.15826280415058136	-0.036841120570898056	0.5257742404937744	0.15596337616443634	0.6361525058746338	1.0	2	0.0	0	0.0	0	-1.0	0.0	0.0	0.0	0.1992385983467102	-0.979951024055481	0.0	-0.979951024055481	-0.1992385983467102
-0.15826280415058136	-0.036841120570898056	0.5257742404937744	0.15596337616443634	0.6361525058746338	1.0	2	0.0	0	0.0	0	0.0	0.14510522782802582	0.989416241645813	-0.9664623737335205	0.25409018993377686	-0.03726421296596527	-0.25680819153785706	-0.956233561038971	0.14023874700069427
-0.15826280415058136	-2.0701141357421875	0.823968768119812	0.03633048012852669	0.9323251247406006	1.0	7	0.0	0	0.0	0	0.0	0.14510522782802582	0.989416241645813	-0.9664623737335205	0.25409018993377686	-0.03726421296596527	-0.25680819153785706	-0.956233561038971	0.14023874700069427
0.15826280415058136	-2.0701141357421875	0.823968768119812	0.005148903466761112	0.9202035069465637	1.0	7	0.0	0	0.0	0	0.0	0.14510522782802582	0.989416241645813	-0.9664623737335205	0.25409018993377686	-0.03726421296596527	-0.25680819153785706	-0.956233561038971	0.14023874700069427
0.15826280415058136	-0.7129396796226501	5.382544898679953e-08	0.3894263207912445	0.1364647001028061	0.5	8	0.5	6	0.0	0	1.0	0.0	0.0	-1.7763570511584873e-15	-0.30849894881248474	-0.9512247443199158	0.0	0.951224684715271	-0.30849891901016235
0.15826280415058136	-0.002063287189230323	-0.5257742404937744	0.4142150580883026	0.21047158539295197	1.0	4	0.0	0	0.0	0	1.0	0.0	0.0	-1.7763568394002505e-15	-0.30849888920783997	-0.951224684715271	0.0	0.9512247443199158	-0.30849888920783997
0.15826280415058136	-0.036841120570898056	0.5257742404937744	0.32686808705329895	0.17891614139080048	1.0	2	0.0	0	0.0	0	1.0	0.0	0.0	-1.7763568394002505e-15	-0.30849894881248474	-0.9512247443199158	0.0	0.951224684715271	-0.30849891901016235
-0.15826280415058136	0.3128121793270111	-1.4605530500411987	0.4642299711704254	0.6042260527610779	1.0	5	0.0	0	0.0	0	-1.0	0.0	0.0	0.0	-0.040556009858846664	-0.9991772770881653	0.0	-0.9991772770881653	0.040556009858846664
-0.15826280415058136	1.921105146408081	0.5257740616798401	0.26493072509765625	0.36989375948905945	1.0	0	0.0	0	0.0	0	0.0	1.0	-2.267309469061729e-07	0.3084986209869385	-2.1567211661022156e-07	-0.9512248635292053	-0.9512248635292053	-6.994618217959214e-08	-0.3084986209869385
-0.15826280415058136	0.7129396796226501	-0.5257743000984192	0.3495526909828186	0.5409263968467712	0	0	0	0	0	0	0.0	-9.866969463701025e-08	-1.0	0.999983012676239	-0.00583441648632288	5.756801146894475e-10	-0.00583441648632288	-0.999983012676239	9.866801775615386e-08
-0.15826280415058136	1.921104907989502	-0.5257744193077087	0.3532247245311737	0.3985290229320526	1.0	0	0.0	0	0.0	0	0.0	-9.866969463701025e-08	-1.0	0.9999829530715942	-0.005834415555000305	5.75680003667145e-10	-0.005834415555000305	-0.9999829530715942	9.86680106507265e-08
0.15826280415058136	1.921104907989502	-0.5257744193077087	0.3809238374233246	0.3983113467693329	1.0	0	0.0	0	0.0	0	0.0	-9.866969463701025e-08	-1.0	0.9999829530715942	-0.005834415555000305	5.75680003667145e-10	-0.005834415555000305	-0.9999829530715942	9.86680106507265e-08
0.15826280415058136	0.7129396796226501	0.5257741808891296	0.16191941499710083	0.47536927461624146	1.0	2	0.0	0	0.0	0	0.0	9.866968042615554e-08	1.0	-0.869132936000824	0.4945785701274872	-4.879990811446078e-08	-0.4945785701274872	-0.869132936000824	8.575707255431553e-08
0.15826280415058136	1.921105146408081	0.5257740616798401	0.23245583474636078	0.3514139950275421	1.0	0	0.0	0	0.0	0	0.0	9.866968042615554e-08	1.0	-0.8691329956054688	0.4945785403251648	-4.879990811446078e-08	-0.4945785403251648	-0.8691329956054688	8.575707255431553e-08
-0.15826280415058136	1.921105146408081	0.5257740616798401	0.26493072509765625	0.36989375948905945	1.0	0	0.0	0	0.0	0	0.0	9.866968042615554e-08	1.0	-0.869132936000824	0.4945785403251648	-4.879990811446078e-08	-0.4945785403251648	-0.869132936000824	8.575707255431553e-08
-0.15826280415058136	0.7129396796226501	0.5257741808891296	0.18769127130508423	0.5116090774536133	1.0	2	0.0	0	0.0	0	-1.0	0.0	0.0	0.0	0.22614242136478424	-0.9740942716598511	0.0	-0.9740942716598511	-0.22614242136478424
-0.15826280415058136	1.921105146408081	0.5257740616798401	0.26493072509765625	0.36989375948905945	1.0	0	0.0	0	0.0	0	-1.0	0.0	0.0	0.0	0.22614239156246185	-0.9740942120552063	0.0	-0.9740942120552063	-0.22614239156246185
-0.15826280415058136	1.921104907989502	-0.5257744193077087	0.3532247245311737	0.3985290229320526	1.0	0	0.0	0	0.0	0	-1.0	0.0	0.0	0.0	0.22614243626594543	-0.9740942716598511	0.0	-0.9740942716598511	-0.22614243626594543
-0.15826280415058136	0.20958013832569122	1.5540982484817505	0.047808051109313965	0.5252535343170166	1.0	3	0.0	0	0.0	0	0.0	0.0	1.0	-0.7555209398269653	0.6551244258880615	0.0	-0.6551244258880615	-0.7555209398269653	0.0
0.15826280415058136	-0.036841120570898056	0.5257742404937744	0.10124004632234573	0.6538537740707397	1.0	2	0.0	0	0.0	0	0.0	-0.9613006711006165	-0.2755015194416046	-0.5475582480430603	0.2305307686328888	-0.8043853044509888	0.8367676138877869	0.15085311233997345	-0.5263680219650269
0.15826280415058136	-0.33155104517936707	1.5540982484817505	7.067072874633595e-05	0.5876511335372925	1.0	3	0.0	0	0.0	0	0.0	-0.9613006711006165	-0.2755015194416046	-0.5475582480430603	0.2305307388305664	-0.804385244846344	0.8367676138877869	0.15085312724113464	-0.5263680815696716
-0.15826280415058136	-0.33155104517936707	1.5540982484817505	0.01965976320207119	0.5577155351638794	1.0	3	0.0	0	0.0	0	0.0	-0.9613006711006165	-0.2755015194416046	-0.5475582480430603	0.2305307686328888	-0.8043853044509888	0.8367676138877869	0.15085311233997345	-0.5263680219650269
-0.15826280415058136	0.20958013832569122	1.5540982484817505	0.047808051109313965	0.5252535343170166	1.0	3	0.0	0	0.0	0	0.0	0.8981695175170898	0.4396495223045349	-0.12779264152050018	0.43604472279548645	-0.8908052444458008	-0.9918009638786316	-0.05618397518992424	0.11477945744991302
0.15826280415058136	0.20958013832569122	1.5540982484817505	0.23381370306015015	0.1716042160987854	1.0	3	0.0	0	0.0	0	1.0	0.0	0.0	0.0	-0.30849888920783997	-0.9512247443199158	0.0	0.9512247443199158	-0.30849888920783997
0.15826280415058136	0.3128121793270111	-1.4605530500411987	0.48768842220306396	0.5975943803787231	1.0	5	0.0	0	0.0	0	0.0	0.0	-1.0	0.9622868299484253	-0.27203720808029175	0.0	-0.27203720808029175	-0.9622868299484253	0.0
-0.15826280415058136	-0.002063287189230323	-0.5257742404937744	0.3439297378063202	0.6658884882926941	1.0	4	0.0	0	0.0	0	0.0	-0.9655891060829163	0.2600724995136261	0.2312440723180771	-0.2530234158039093	-0.9394174814224243	0.9728958010673523	0.06014023348689079	0.22328679263591766
-0.15826280415058136	-0.2538372874259949	-1.4605530500411987	0.47610214352607727	0.6462217569351196	1.0	5	0.0	0	0.0	0	0.0	-0.9655891060829163	0.2600724995136261	0.23124411702156067	-0.2530234456062317	-0.9394176006317139	0.9728958010673523	0.06014023348689079	0.22328680753707886
0.15826280415058136	-0.2538372874259949	-1.4605530500411987	0.48213472962379456	0.6732750535011292	1.0	5	0.0	0	0.0	0	0.0	-0.9655891060829163	0.2600724995136261	0.23124408721923828	-0.2530234158039093	-0.9394175410270691	0.9728957414627075	0.060140226036310196	0.22328677773475647
0.15826280415058136	0.7129396796226501	-0.5257743000984192	0.3866845369338989	0.5178530812263489	1.0	4	0.0	0	0.0	0	0.0	0.9193201065063477	-0.39351049065589905	0.5119183659553528	-0.33803895115852356	-0.7897274494171143	-0.8590341806411743	-0.20144525170326233	-0.4706168472766876
0.15826280415058136	0.3128121793270111	-1.4605530500411987	0.48189136385917664	0.5745890140533447	1.0	5	0.0	0	0.0	0	0.0	0.9193201065063477	-0.39351049065589905	0.511918306350708	-0.33803895115852356	-0.7897273898124695	-0.8590341806411743	-0.20144522190093994	-0.47061678767204285
-0.15826280415058136	0.3128121793270111	-1.4605530500411987	0.4642299711704254	0.6042260527610779	1.0	5	0.0	0	0.0	0	0.0	0.9193201065063477	-0.39351049065589905	0.5119183659553528	-0.33803895115852356	-0.7897274494171143	-0.8590341806411743	-0.20144525170326233	-0.4706168472766876
0.15826280415058136	-0.002063287189230323	-0.5257742404937744	0.4142150580883026	0.21047158539295197	1.0	4	0.0	0	0.0	0	1.0	0.0	0.0	0.0	-0.3084990084171295	-0.951224684715271	0.0	0.951224684715271	-0.3084990084171295
0.15826280415058136	-0.2538372874259949	-1.4605530500411987	0.4995606243610382	0.21478669345378876	1.0	5	0.0	0	0.0	0	1.0	0.0	0.0	0.0	-0.3084990084171295	-0.951224684715271	0.0	0.951224684715271	-0.3084990084171295
0.15826280415058136	0.3128121793270111	-1.4605530500411987	0.4841298460960388	0.26236581802368164	1.0	5	0.0	0	0.0	0	1.0	0.0	0.0	0.0	-0.3084990084171295	-0.951224684715271	0.0	0.951224684715271	-0.3084990084171295
-0.15826280415058136	-0.002063287189230323	-0.5257742404937744	0.3439297378063202	0.6658884882926941	1.0	4	0.0	0	0.0	0	-1.0	0.0	0.0	0.0	-0.1634807288646698	-0.9865465760231018	0.0	-0.9865465760231018	0.1634807288646698
0.15826280415058136	-2.0701143741607666	0.2981945872306824	0.06186294183135033	0.9700427651405334	1.0	7	0.0	0	0.0	0	0.0	-1.0	4.5346192223405524e-07	-0.4203324615955353	-4.114578757707932e-07	-0.9073702692985535	0.9073702692985535	-1.9060476574850327e-07	-0.4203324615955353
0.15826280415058136	-2.0701141357421875	0.823968768119812	0.026456065475940704	0.9536407589912415	1.0	7	0.0	0	0.0	0	0.0	-1.0	4.5346192223405524e-07	-0.4203324615955353	-4.114578757707932e-07	-0.9073702692985535	0.9073702692985535	-1.9060476574850327e-07	-0.4203324615955353
-0.15826280415058136	-2.0701141357421875	0.823968768119812	0.03633048012852669	0.9323251247406006	1.0	7	0.0	0	0.0	0	0.0	-1.0	4.5346192223405524e-07	-0.4203324019908905	-4.1145784734908375e-07	-0.9073702096939087	0.9073702096939087	-1.9060473732679384e-07	-0.4203324019908905
0.15826280415058136	-0.7129396796226501	5.382544898679953e-08	0.3894263207912445	0.1364647001028061	0.5	8	0.5	6	0.0	0	1.0	0.0	0.0	0.0	-0.3084988594055176	-0.9512247443199158	0.0	0.9512247443199158	-0.3084988594055176
0.15826280415058136	-0.036841120570898056	0.5257742404937744	0.32686808705329895	0.17891614139080048	1.0	2	0.0	0	0.0	0	1.0	0.0	0.0	0.0	-0.3084988296031952	-0.9512248039245605	0.0	0.9512248039245605	-0.3084988296031952
0.15826280415058136	-2.0701141357421875	0.823968768119812	0.35719916224479675	7.067072874633595e-05	1.0	7	0.0	0	0.0	0	1.0	0.0	0.0	0.0	-0.3084988296031952	-0.9512248039245605	0.0	0.9512248039245605	-0.3084988296031952
-0.15826280415058136	-0.7129396796226501	5.382544898679953e-08	0.22865787148475647	0.7884201407432556	0.5	8	0.5	6	0.0	0	-1.0	0.0	0.0	0.0	0.24219168722629547	-0.9702284932136536	0.0	-0.9702284932136536	-0.24219168722629547
-0.15826280415058136	-2.0701143741607666	0.2981945872306824	0.07173731178045273	0.9487272500991821	1.0	7	0.0	0	0.0	0	-1.0	0.0	0.0	0.0	0.24219170212745667	-0.9702284336090088	0.0	-0.9702284336090088	-0.24219170212745667
-0.15826280415058136	-2.0701141357421875	0.823968768119812	0.03633048012852669	0.9323251247406006	1.0	7	0.0	0	0.0	0	-1.0	0.0	0.0	0.0	0.24219170212745667	-0.9702284336090088	0.0	-0.9702284336090088	-0.24219170212745667
0.15826280415058136	-0.7129396796226501	5.382544898679953e-08	0.21183501183986664	0.865195095539093	0.5	8	0.5	6	0.0	0	0.0	-0.21459826827049255	-0.9767024517059326	0.6900947690010071	0.7068581581115723	-0.15530885756015778	0.72371906042099	-0.6740171909332275	0.14809313416481018
0.15826280415058136	-2.0701143741607666	0.2981945872306824	0.09673736989498138	0.9749454259872437	1.0	7	0.0	0	0.0	0	0.0	-0.21459826827049255	-0.9767024517059326	0.6900947093963623	0.7068581581115723	-0.15530885756015778	0.72371906042099	-0.6740171313285828	0.148093119263649
-0.15826280415058136	-2.0701143741607666	0.2981945872306824	0.07173731178045273	0.9487272500991821	1.0	7	0.0	0	0.0	0	0.0	-0.21459826827049255	-0.9767024517059326	0.6900947690010071	0.7068581581115723	-0.15530885756015778	0.72371906042099	-0.6740171909332275	0.14809313416481018
0.15826280415058136	-2.046593189239502	-0.16894371807575226	0.2971857190132141	0.9999293088912964	1.0	9	0.0	0	0.0	0	0.0	-1.0	0.0	0.07101543992757797	0.0	-0.997475266456604	0.997475266456604	0.0	0.07101543992757797
0.15826280415058136	-2.046593189239502	-0.6947180032730103	0.37446561455726624	0.9774563908576965	1.0	9	0.0	0	0.0	0	0.0	0.08235140889883041	-0.9966033697128296	0.9989709854125977	0.04520070552825928	0.0037350282073020935	0.04535475745797157	-0.9955777525901794	-0.0822666585445404
0.15826280415058136	-2.046593189239502	-0.16894371807575226	0.4399292767047882	0.02908415161073208	1.0	9	0.0	0	0.0	0	1.0	0.0	0.0	0.0	-0.30849912762641907	-0.9512245655059814	0.0	0.9512245655059814	-0.30849912762641907
-0.15826280415058136	-0.7129396796226501	5.382544898679953e-08	0.22865787148475647	0.7884201407432556	0.5	8	0.5	6	0.0	0	0.0	-0.1256730854511261	0.9920716881752014	-0.977289617061615	-0.21022801101207733	-0.02663114294409752	0.21190807223320007	-0.9695413708686829	-0.12281899899244308
-0.15826280415058136	-2.046593189239502	-0.16894371807575226	0.29563191533088684	0.9781041741371155	1.0	9	0.0	0	0.0	0	0.0	-0.1256730854511261	0.9920716881752014	-0.977289617061615	-0.21022802591323853	-0.026631144806742668	0.21190808713436127	-0.9695413708686829	-0.12281899899244308
0.15826280415058136	-2.046593189239502	-0.16894371807575226	0.2724112272262573	0.9877883791923523	1.0	9	0.0	0	0.0	0	0.0	-0.1256730854511261	0.9920716881752014	-0.977289617061615	-0.21022802591323853	-0.026631144806742668	0.21190808713436127	-0.9695413708686829	-0.12281899899244308
0	1	2
3	4	5
6	7	8
9	10	11
12	13	2
14	15	16
17	18	19
20	21	22
23	24	25
6	26	7
27	28	29
30	31	32
33	34	35
36	37	38
39	40	41
42	43	44
45	46	47
13	48	0
49	50	51
52	53	54
55	56	57
58	59	60
61	62	63
64	65	66
67	68	69
70	71	72
73	74	75
76	77	78
79	80	81
82	83	84
85	6	8
86	87	88
89	90	91
13	0	2
8	7	92
17	93	18
94	95	96
97	98	99
100	101	102
27	103	28
104	105	106
33	107	34
12	2	108
39	109	40
110	111	112
113	114	115
116	117	118
49	119	50
120	121	122
123	124	125
126	127	128
129	130	131
64	132	65
67	133	68
70	134	71
135	136	137
