98	56	10
1.0	-1.0	-1.0	0.625	0.5	1.0	4	0.0	0	0.0	0	1.0	0.0	0.0	1.0	0.0	0.0	0.0	0.0	0.0
1.0	1.0	-2.694624900817871	0.625	0.75	1.0	0	0.0	0	0.0	0	1.0	0.0	0.0	1.0	0.0	0.0	0.0	0.0	0.0
1.0	1.0	-1.0	0.625	0.75	1.0	2	0.0	0	0.0	0	1.0	0.0	0.0	1.0	0.0	0.0	0.0	0.0	0.0
-1.0	1.0	0.05167499929666519	0.375	0.0	1.0	2	0.0	0	0.0	0	-1.0	0.0	0.0	0.0	0.0	-1.0	0.0	-1.0	0.0
-1.0	2.9558279514312744	-0.29396599531173706	0.625	0.0	1.0	3	0.0	0	0.0	0	-1.0	0.0	0.0	0.0	0.0	0.0	0.0	0.0	0.0
-1.0	1.0	-1.0	0.625	0.0	1.0	2	0.0	0	0.0	0	-1.0	0.0	0.0	0.0	0.0	-1.0	0.0	-1.0	0.0
-1.0	-1.0	-1.0	0.625	0.25	0	0	0	0	0	0	-1.0	0.0	0.0	0.0	0.0	-1.0	0.0	-1.0	0.0
-1.0	-1.0	0.002893999917432666	0.375	0.25	1.0	4	0.0	0	0.0	0	-1.0	0.0	0.0	0.0	0.0	-1.0	0.0	-1.0	0.0
-1.0	1.0	0.05167499929666519	0.125	0.75	1.0	2	0.0	0	0.0	0	0.0	0.9807943105697632	-0.19504517316818237	1.0	0.0	0.0	0.0	-0.19504517316818237	-0.9807943105697632
1.0	1.567152976989746	2.9036319255828857	0.375	0.75	1.0	7	0.0	0	0.0	0	0.0	0.9807943105697632	-0.19504517316818237	1.0	0.0	0.0	0.0	-0.19504517316818237	-0.9807943105697632
1.0	1.0	0.05167499929666519	0.375	0.75	1.0	2	0.0	0	0.0	0	0.0	0.9807943105697632	-0.19504517316818237	1.0	0.0	0.0	0.0	-0.19504517316818237	-0.9807943105697632
1.0	1.0	0.05167499929666519	0.375	0.75	1.0	2	0.0	0	0.0	0	1.0	0.0	0.0	0.0	0.0	-1.0	0.0	1.0	0.0
1.0	-1.0	0.002893999917432666	0.375	0.5	1.0	4	0.0	0	0.0	0	1.0	0.0	0.0	0.0	0.0	-1.0	0.0	1.0	0.0
1.0	1.0	-1.0	0.625	0.75	1.0	2	0.0	0	0.0	0	1.0	0.0	0.0	0.0	0.0	-1.0	0.0	1.0	0.0
-1.0	-2.77790904045105	-0.4387640058994293	0.625	0.25	1.0	5	0.0	0	0.0	0	-1.0	0.0	0.0	0.0	0.0	0.0	0.0	0.0	0.0
-1.0	-2.77790904045105	0.3560430109500885	0.375	0.25	1.0	5	0.0	0	0.0	0	-1.0	0.0	0.0	0.0	0.0	0.0	0.0	0.0	0.0
-1.0	-1.0	-2.694624900817871	0.875	0.5	1.0	0	0.0	0	0.0	0	0.0	0.0	-1.0	-1.0	0.0	0.0	0.0	1.0	0.0
1.0	1.0	-2.694624900817871	0.625	0.75	1.0	0	0.0	0	0.0	0	0.0	0.0	-1.0	-1.0	0.0	0.0	0.0	1.0	0.0
1.0	-1.0	-2.694624900817871	0.625	0.5	1.0	0	0.0	0	0.0	0	0.0	0.0	-1.0	-1.0	0.0	0.0	0.0	1.0	0.0
-1.0	-1.0	-1.0	0.625	0.25	0	0	0	0	0	0	0.0	-1.0	0.0	1.0	0.0	0.0	0.0	0.0	1.0
1.0	-1.0	-2.694624900817871	0.625	0.5	1.0	0	0.0	0	0.0	0	0.0	-1.0	0.0	1.0	0.0	0.0	0.0	0.0	1.0
1.0	-1.0	-1.0	0.625	0.5	1.0	4	0.0	0	0.0	0	0.0	-1.0	0.0	1.0	0.0	0.0	0.0	0.0	1.0
1.0	1.0	-1.0	0.625	0.75	1.0	2	0.0	0	0.0	0	0.0	1.0	0.0	1.0	0.0	0.0	0.0	0.0	-1.0
-1.0	1.0	-2.694624900817871	0.625	1.0	1.0	0	0.0	0	0.0	0	0.0	1.0	0.0	1.0	0.0	0.0	0.0	0.0	-1.0
-1.0	1.0	-1.0	0.625	1.0	1.0	2	0.0	0	0.0	0	0.0	1.0	0.0	1.0	0.0	0.0	0.0	0.0	-1.0
-1.0	1.0	-1.0	0.625	0.0	1.0	2	0.0	0	0.0	0	-1.0	0.0	0.0	1.0	0.0	0.0	0.0	0.0	0.0
-1.0	-1.0	-2.694624900817871	0.625	0.25	1.0	0	0.0	0	0.0	0	-1.0	0.0	0.0	1.0	0.0	0.0	0.0	0.0	0.0
-1.0	-1.0	-1.0	0.625	0.25	0	0	0	0	0	0	-1.0	0.0	0.0	1.0	0.0	0.0	0.0	0.0	0.0
1.0	2.9558279514312744	-0.29396599531173706	0.625	0.75	1.0	3	0.0	0	0.0	0	0.0	1.0	0.0	0.0	0.0	-1.0	-1.0	0.0	0.0
-1.0	2.9558279514312744	0.4650479853153229	0.375	1.0	1.0	3	0.0	0	0.0	0	0.0	1.0	0.0	0.0	0.0	-1.0	-1.0	0.0	0.0
1.0	2.9558279514312744	0.4650479853153229	0.375	0.75	1.0	3	0.0	0	0.0	0	0.0	1.0	0.0	0.0	0.0	-1.0	-1.0	0.0	0.0
1.0	1.0	0.05167499929666519	0.375	0.75	1.0	2	0.0	0	0.0	0	0.0	-0.20678631961345673	0.9783862233161926	1.0	0.0	0.0	0.0	0.9783862233161926	0.20678631961345673
-1.0	2.9558279514312744	0.4650479853153229	0.125	0.75	1.0	3	0.0	0	0.0	0	0.0	-0.20678631961345673	0.9783862233161926	1.0	0.0	0.0	0.0	0.9783862233161926	0.20678631961345673
-1.0	1.0	0.05167499929666519	0.125	0.75	1.0	2	0.0	0	0.0	0	0.0	-0.20678631961345673	0.9783862233161926	1.0	0.0	0.0	0.0	0.9783862233161926	0.20678631961345673
-1.0	1.0	-1.0	0.625	1.0	1.0	2	0.0	0	0.0	0	0.0	0.33954355120658875	-0.9405903220176697	1.0	0.0	0.0	0.0	-0.9405903220176697	-0.33954355120658875
1.0	2.9558279514312744	-0.29396599531173706	0.625	0.75	1.0	3	0.0	0	0.0	0	0.0	0.33954355120658875	-0.9405903220176697	1.0	0.0	0.0	0.0	-0.9405903220176697	-0.33954355120658875
1.0	1.0	-1.0	0.625	0.75	1.0	2	0.0	0	0.0	0	0.0	0.33954355120658875	-0.9405903220176697	1.0	0.0	0.0	0.0	-0.9405903220176697	-0.33954355120658875
1.0	2.9558279514312744	-0.29396599531173706	0.625	0.75	1.0	3	0.0	0	0.0	0	1.0	0.0	0.0	0.0	0.0	0.0	0.0	0.0	0.0
1.0	2.9558279514312744	0.4650479853153229	0.375	0.75	1.0	3	0.0	0	0.0	0	1.0	0.0	0.0	0.0	0.0	0.0	0.0	0.0	0.0
-1.0	-2.77790904045105	-0.4387640058994293	0.625	0.25	1.0	5	0.0	0	0.0	0	0.0	-1.0	0.0	0.0	0.0	-1.0	1.0	0.0	0.0
1.0	-2.77790904045105	0.3560430109500885	0.375	0.5	1.0	5	0.0	0	0.0	0	0.0	-1.0	0.0	0.0	0.0	-1.0	1.0	0.0	0.0
-1.0	-2.77790904045105	0.3560430109500885	0.375	0.25	1.0	5	0.0	0	0.0	0	0.0	-1.0	0.0	0.0	0.0	-1.0	1.0	0.0	0.0
-1.0	-1.0	0.002893999917432666	0.125	0.5	1.0	4	0.0	0	0.0	0	0.0	0.1948254555463791	0.9808379411697388	1.0	0.0	0.0	0.0	0.9808379411697388	-0.1948254555463791
1.0	-2.77790904045105	0.3560430109500885	0.375	0.5	1.0	5	0.0	0	0.0	0	0.0	0.1948254555463791	0.9808379411697388	1.0	0.0	0.0	0.0	0.9808379411697388	-0.1948254555463791
1.0	-1.0	0.002893999917432666	0.375	0.5	1.0	4	0.0	0	0.0	0	0.0	0.1948254555463791	0.9808379411697388	1.0	0.0	0.0	0.0	0.9808379411697388	-0.1948254555463791
1.0	-1.0	-1.0	0.625	0.5	1.0	4	0.0	0	0.0	0	0.0	-0.3010294437408447	-0.9536148309707642	1.0	0.0	0.0	0.0	-0.9536148309707642	0.3010294437408447
-1.0	-2.77790904045105	-0.4387640058994293	0.625	0.25	1.0	5	0.0	0	0.0	0	0.0	-0.3010294437408447	-0.9536148309707642	1.0	0.0	0.0	0.0	-0.9536148309707642	0.3010294437408447
-1.0	-1.0	-1.0	0.625	0.25	0	0	0	0	0	0	0.0	-0.3010294437408447	-0.9536148309707642	1.0	0.0	0.0	0.0	-0.9536148309707642	0.3010294437408447
1.0	-2.77790904045105	-0.4387640058994293	0.625	0.5	1.0	5	0.0	0	0.0	0	1.0	0.0	0.0	0.0	0.0	0.0	0.0	0.0	0.0
1.0	-1.0	-1.0	0.625	0.5	1.0	4	0.0	0	0.0	0	1.0	0.0	0.0	0.0	0.0	-1.0	0.0	1.0	0.0
-1.0	0.0	1.0	0.375	0.125	0.5	8	0.5	6	0.0	0	-1.0	0.0	0.0	0.0	0.0	0.0	0.0	0.0	0.0
-1.0	-1.3213239908218384	2.8706400394439697	0.375	0.25	1.0	9	0.0	0	0.0	0	-1.0	0.0	0.0	0.0	0.0	0.0	0.0	0.0	0.0
-1.0	-0.3213239908218384	2.8706400394439697	0.375	0.125	1.0	9	0.0	0	0.0	0	-1.0	0.0	0.0	0.0	0.0	0.0	0.0	0.0	0.0
1.0	0.5671529769897461	2.9036319255828857	0.375	0.625	1.0	7	0.0	0	0.0	0	0.0	0.0	1.0	1.0	0.0	0.0	0.0	1.0	0.0
-1.0	1.567152976989746	2.9036319255828857	0.125	0.75	1.0	7	0.0	0	0.0	0	0.0	0.0	1.0	1.0	0.0	0.0	0.0	1.0	0.0
-1.0	0.5671529769897461	2.9036319255828857	0.125	0.625	1.0	7	0.0	0	0.0	0	0.0	0.0	1.0	1.0	0.0	0.0	0.0	1.0	0.0
1.0	0.0	1.0	0.375	0.625	0.5	8	0.5	6	0.0	0	1.0	0.0	0.0	0.0	0.0	0.0	0.0	0.0	0.0
1.0	1.567152976989746	2.9036319255828857	0.375	0.75	1.0	7	0.0	0	0.0	0	1.0	0.0	0.0	0.0	0.0	0.0	0.0	0.0	0.0
1.0	0.5671529769897461	2.9036319255828857	0.375	0.625	1.0	7	0.0	0	0.0	0	1.0	0.0	0.0	0.0	0.0	0.0	0.0	0.0	0.0
-1.0	0.0	1.0	0.375	0.125	0.5	8	0.5	6	0.0	0	-1.0	0.0	0.0	1.0	0.0	0.0	0.0	0.0	0.0
-1.0	1.567152976989746	2.9036319255828857	0.375	0.0	1.0	7	0.0	0	0.0	0	-1.0	0.0	0.0	1.0	0.0	0.0	0.0	0.0	0.0
-1.0	1.0	0.05167499929666519	0.375	0.0	1.0	2	0.0	0	0.0	0	-1.0	0.0	0.0	1.0	0.0	0.0	0.0	0.0	0.0
1.0	0.0	1.0	0.375	0.625	0.5	8	0.5	6	0.0	0	0.0	-0.9583700299263	0.28552916646003723	1.0	0.0	0.0	0.0	0.28552916646003723	0.9583700299263
-1.0	0.5671529769897461	2.9036319255828857	0.125	0.625	1.0	7	0.0	0	0.0	0	0.0	-0.9583700299263	0.28552916646003723	1.0	0.0	0.0	0.0	0.28552916646003723	0.9583700299263
-1.0	0.0	1.0	0.125	0.625	0.5	8	0.5	6	0.0	0	0.0	-0.9583700299263	0.28552916646003723	1.0	0.0	0.0	0.0	0.28552916646003723	0.9583700299263
1.0	-1.3213239908218384	2.8706400394439697	0.375	0.5	1.0	9	0.0	0	0.0	0	0.0	0.0	1.0	1.0	0.0	0.0	0.0	1.0	0.0
-1.0	-0.3213239908218384	2.8706400394439697	0.125	0.625	1.0	9	0.0	0	0.0	0	0.0	0.0	1.0	1.0	0.0	0.0	0.0	1.0	0.0
-1.0	-1.3213239908218384	2.8706400394439697	0.125	0.5	1.0	9	0.0	0	0.0	0	0.0	0.0	1.0	1.0	0.0	0.0	0.0	1.0	0.0
1.0	-1.0	0.002893999917432666	0.375	0.5	1.0	4	0.0	0	0.0	0	0.0	-0.9937811493873596	-0.11135076731443405	1.0	0.0	0.0	0.0	-0.11135076731443405	0.9937811493873596
-1.0	-1.3213239908218384	2.8706400394439697	0.125	0.5	1.0	9	0.0	0	0.0	0	0.0	-0.9937811493873596	-0.11135076731443405	1.0	0.0	0.0	0.0	-0.11135076731443405	0.9937811493873596
-1.0	-1.0	0.002893999917432666	0.125	0.5	1.0	4	0.0	0	0.0	0	0.0	-0.9937811493873596	-0.11135076731443405	1.0	0.0	0.0	0.0	-0.11135076731443405	0.9937811493873596
1.0	-1.3213239908218384	2.8706400394439697	0.375	0.5	1.0	9	0.0	0	0.0	0	1.0	0.0	0.0	0.0	0.0	0.0	0.0	0.0	0.0
-1.0	0.0	1.0	0.125	0.625	0.5	8	0.5	6	0.0	0	0.0	0.9855658411979675	0.16929283738136292	1.0	0.0	0.0	0.0	0.16929283738136292	-0.9855658411979675
1.0	-0.3213239908218384	2.8706400394439697	0.375	0.625	1.0	9	0.0	0	0.0	0	0.0	0.9855658411979675	0.16929283738136292	1.0	0.0	0.0	0.0	0.16929283738136292	-0.9855658411979675
1.0	0.0	1.0	0.375	0.625	0.5	8	0.5	6	0.0	0	0.0	0.9855658411979675	0.16929283738136292	1.0	0.0	0.0	0.0	0.16929283738136292	-0.9855658411979675
1.0	-1.0	-2.694624900817871	0.625	0.5	1.0	0	0.0	0	0.0	0	1.0	0.0	0.0	1.0	0.0	0.0	0.0	0.0	0.0
-1.0	2.9558279514312744	0.4650479853153229	0.375	0.0	1.0	3	0.0	0	0.0	0	-1.0	0.0	0.0	0.0	0.0	0.0	0.0	0.0	0.0
-1.0	1.567152976989746	2.9036319255828857	0.125	0.75	1.0	7	0.0	0	0.0	0	0.0	0.9807943105697632	-0.19504517316818237	1.0	0.0	0.0	0.0	-0.19504517316818237	-0.9807943105697632
-1.0	1.0	-2.694624900817871	0.875	0.75	1.0	0	0.0	0	0.0	0	0.0	0.0	-1.0	-1.0	0.0	0.0	0.0	1.0	0.0
-1.0	-1.0	-2.694624900817871	0.625	0.25	1.0	0	0.0	0	0.0	0	0.0	-1.0	0.0	1.0	0.0	0.0	0.0	0.0	1.0
1.0	1.0	-2.694624900817871	0.625	0.75	1.0	0	0.0	0	0.0	0	0.0	1.0	0.0	1.0	0.0	0.0	0.0	0.0	-1.0
-1.0	1.0	-2.694624900817871	0.625	0.0	1.0	0	0.0	0	0.0	0	-1.0	0.0	0.0	1.0	0.0	0.0	0.0	0.0	0.0
-1.0	2.9558279514312744	-0.29396599531173706	0.625	1.0	1.0	3	0.0	0	0.0	0	0.0	1.0	0.0	0.0	0.0	-1.0	-1.0	0.0	0.0
1.0	2.9558279514312744	0.4650479853153229	0.375	0.75	1.0	3	0.0	0	0.0	0	0.0	-0.20678631961345673	0.9783862233161926	1.0	0.0	0.0	0.0	0.9783862233161926	0.20678631961345673
-1.0	2.9558279514312744	-0.29396599531173706	0.625	1.0	1.0	3	0.0	0	0.0	0	0.0	0.33954355120658875	-0.9405903220176697	1.0	0.0	0.0	0.0	-0.9405903220176697	-0.33954355120658875
1.0	-2.77790904045105	-0.4387640058994293	0.625	0.5	1.0	5	0.0	0	0.0	0	0.0	-1.0	0.0	0.0	0.0	-1.0	1.0	0.0	0.0
-1.0	-2.77790904045105	0.3560430109500885	0.125	0.5	1.0	5	0.0	0	0.0	0	0.0	0.1948254555463791	0.9808379411697388	1.0	0.0	0.0	0.0	0.9808379411697388	-0.1948254555463791
1.0	-2.77790904045105	-0.4387640058994293	0.625	0.5	1.0	5	0.0	0	0.0	0	0.0	-0.3010294437408447	-0.9536148309707642	1.0	0.0	0.0	0.0	-0.9536148309707642	0.3010294437408447
1.0	-2.77790904045105	0.3560430109500885	0.375	0.5	1.0	5	0.0	0	0.0	0	1.0	0.0	0.0	0.0	0.0	0.0	0.0	0.0	0.0
1.0	1.567152976989746	2.9036319255828857	0.375	0.75	1.0	7	0.0	0	0.0	0	0.0	0.0	1.0	1.0	0.0	0.0	0.0	1.0	0.0
1.0	1.0	0.05167499929666519	0.375	0.75	1.0	2	0.0	0	0.0	0	1.0	0.0	0.0	0.0	0.0	0.0	0.0	0.0	0.0
-1.0	0.5671529769897461	2.9036319255828857	0.375	0.125	1.0	7	0.0	0	0.0	0	-1.0	0.0	0.0	0.0	0.0	0.0	0.0	0.0	0.0
-1.0	1.567152976989746	2.9036319255828857	0.375	0.0	1.0	7	0.0	0	0.0	0	-1.0	0.0	0.0	0.0	0.0	0.0	0.0	0.0	0.0
1.0	0.5671529769897461	2.9036319255828857	0.375	0.625	1.0	7	0.0	0	0.0	0	0.0	-0.9583700299263	0.28552916646003723	1.0	0.0	0.0	0.0	0.28552916646003723	0.9583700299263
1.0	-0.3213239908218384	2.8706400394439697	0.375	0.625	1.0	9	0.0	0	0.0	0	0.0	0.0	1.0	1.0	0.0	0.0	0.0	1.0	0.0
1.0	-1.3213239908218384	2.8706400394439697	0.375	0.5	1.0	9	0.0	0	0.0	0	0.0	-0.9937811493873596	-0.11135076731443405	1.0	0.0	0.0	0.0	-0.11135076731443405	0.9937811493873596
1.0	-0.3213239908218384	2.8706400394439697	0.375	0.625	1.0	9	0.0	0	0.0	0	1.0	0.0	0.0	0.0	0.0	0.0	0.0	0.0	0.0
-1.0	-0.3213239908218384	2.8706400394439697	0.125	0.625	1.0	9	0.0	0	0.0	0	0.0	0.9855658411979675	0.16929283738136292	1.0	0.0	0.0	0.0	0.16929283738136292	-0.9855658411979675
0	1	2
3	4	5
5	6	7
8	9	10
11	12	13
7	14	15
16	17	18
19	20	21
22	23	24
25	26	27
28	29	30
31	32	33
34	35	36
11	37	38
39	40	41
42	43	44
45	46	47
12	48	49
50	51	52
53	54	55
56	57	58
59	60	61
62	63	64
65	66	67
68	69	70
56	71	12
72	73	74
0	75	1
3	76	4
50	3	7
3	5	7
8	77	9
56	12	11
12	49	13
7	6	14
16	78	17
19	79	20
22	80	23
25	81	26
28	82	29
31	83	32
34	84	35
11	13	37
39	85	40
42	86	43
45	87	46
12	88	48
50	7	51
53	89	54
56	90	57
50	91	92
62	93	63
65	94	66
68	95	69
56	96	71
72	97	73
